{
  "fader_1": 124.9242424242424,
  "knob_1": 124.9242424242424,
  "knob_2": 124.9242424242424,
  "knob_3": 124.9242424242424,
  "knob_4": 124.9242424242424,
  "knob_5": 124.9242424242424,
  "knob_6": 124.9242424242424,
  "fader_2": 234.14616653154502,
  "fader_3": 163.56969408719053,
  "fader_4": 0,
  "fader_5": 47.1509433962266,
  "fader_6": 254.03773584905662,
  "panel_1": -1,
  "fader_7": 90.45283018867939,
  "fader_8": 85.6415094339623,
  "fader_9": 7.374147811025943,
  "fader_10": 0,
  "fader_11": 0,
  "knob_7": 254.03773584905662,
  "knob_8": 234.14616653154502,
  "knob_25": 163.56969408719053,
  "knob_26": 0,
  "knob_27": 47.1509433962266,
  "panel_2": -1,
  "knob_10": 254.03773584905662,
  "knob_11": 234.14616653154502,
  "knob_12": 163.56969408719053,
  "knob_13": 0,
  "knob_14": 47.1509433962266,
  "panel_3": -1,
  "knob_15": 254.03773584905662,
  "knob_16": 234.14616653154502,
  "knob_17": 163.56969408719053,
  "knob_18": 0,
  "knob_19": 47.1509433962266,
  "panel_4": -1,
  "knob_20": 254.03773584905662,
  "knob_21": 234.14616653154502,
  "knob_22": 163.56969408719053,
  "knob_23": 0,
  "knob_24": 47.1509433962266,
  "panel_5": -1,
  "knob_9wad": 0,
  "knob_28awd": 90.45283018867939,
  "knob_29adw": 85.6415094339623,
  "knob_30f": 7.374147811025943,
  "knob_31awdw": 0,
  "panel_6": -1,
  "knob_28": 0,
  "knob_29": 90.45283018867939,
  "knob_30": 85.6415094339623,
  "knob_31": 7.374147811025943,
  "knob_32": 0,
  "tab_1": -1,
  "root": 0
}